Barras	Linhas	Tipos_Linhas	#SE	VSE[kV]	Tipos_S/E
70	74	4	1	12.66	2

tipo	2

emax[W]	nimax
1	10

Tipos	Linhas
Tipo	R	X	Imax	CF[k$/km]	CR[k$/km]
0	0.3655	0.2520	400	70	60
1	0.2921	0.2466	450	80	70
2	0.2359	0.2402	600	100	80
3	0.1932	0.2279	650	110	90

Tipos	S/E
Tipo	kVAmax	CF[$]	CV[$/kVA]	CR[$]
0	20000	400	0.0012	100
1	30000	600	0.0008	200

Subestações
Barra	Tipo	Construida	Ativa
0	1	1	1

Dados Linhas
Envio	Recibo	Tipo	Longitude_[km]	Construida	Ativa
0 	1	0.0005	0.0012	1	1
1 	2	0.0005	0.0012	1	1
2 	3	0.0000	0.0000	1	1
3 	4	0.0015	0.0036	1	1
4 	5	0.0251	0.0294	1	1
5 	6	0.3660	0.1864	1	1
6 	7	0.3811	0.1941	1	1
7 	8	0.0922	0.0470	1	1
8 	9	0.0493	0.0251	1	1
9	10	0.8190	0.2707	1	1
10	11	0.1872	0.0619	1	1
11	12	0.7114	0.2351	1	1
12	13	1.0300	0.3400	1	1
13	14	1.0440	0.3450	1	1
14	15	1.0580	0.3496	1	1
15	16	0.1966	0.0650	1	1
16	17	0.3744	0.1238	1	1
17	18	0.0047	0.0016	1	1
18	19	0.3276	0.1083	1	1
19	20	0.2106	0.0696	1	1
20	21	0.3416	0.1129	1	1
21	22	0.0140	0.0046	1	1
22	23	0.1591	0.0526	1	1
23	24	0.3463	0.1145	1	1
24	25	0.7488	0.2475	1	1
25	26	0.3089	0.1021	1	1
26	27	0.1732	0.0572	1	1
2 	28	0.0044	0.0108	1	1
28	29	0.0640	0.1565	1	1
29	30	0.3978	0.1315	1	1
30	31	0.0702	0.0232	1	1
31	32	0.3510	0.1160	1	1
32	33	0.8390	0.2816	1	1
33	34	1.7080	0.5646	1	1
34	35	1.4740	0.4873	1	1
3 	36	0.0044	0.0108	1	1
36	37	0.0640	0.1565	1	1
37	38	0.1053	0.1230	1	1
38	39	0.0304	0.0355	1	1
39	40	0.0018	0.0021	1	1
40	41	0.7283	0.8509	1	1
41	42	0.3100	0.3623	1	1
42	43	0.0410	0.0478	1	1
43	44	0.0092	0.0116	1	1
44	45	0.1089	0.1373	1	1
45	46	0.0009	0.0012	1	1
4 	47	0.0034	0.0084	1	1
47	48	0.0851	0.2083	1	1
48	49	0.2898	0.7091	1	1
49	50	0.0822	0.2011	1	1
8 	51	0.0928	0.0473	1	1
51	52	0.3319	0.1114	1	1
9	53	0.1740	0.0886	1	1
53	54	0.2030	0.1034	1	1
54	55	0.2842	0.1447	1	1
55	56	0.2813	0.1433	1	1
56	57	1.5900	0.5337	1	1
57	58	0.7837	0.2630	1	1
58	59	0.3042	0.1006	1	1
59	60	0.3861	0.1172	1	1
60	61	0.5075	0.2585	1	1
61	62	0.0974	0.0496	1	1
62	63	0.1450	0.0738	1	1
63	64	0.7105	0.3619	1	1
64	65	1.0410	0.5302	1	1
11	66	0.2012	0.0611	1	1
66	67	0.0047	0.0014	1	1
12	68	0.7394	0.2444	1	1
68	69	0.0047	0.0016	1	1
11	43	0.5000	0.5000	1	1
13	21	0.5000	0.5000	1	1
15	46	1.0000	1.0000	1	1
50	59	2.0000	2.0000	1	1
27	65	1.0000	1.0000	1	1









Barra	P[kW]	Q[kW]
0	0.0000	0.0000
1	0.0000	0.0000
2	0.0000	0.0000
3	0.0000	0.0000
4	0.0000	0.0000
5	0.0000	0.0000
6	0.8780	0.7200
7	13.455	9.9820
8	24.887	17.810
9	10.000	7.2080
10	9.3330	6.6660
11	48.500	34.609
12	48.500	34.609
13	2.7100	1.8210
14	2.7100	1.8210
15	0.0000	0.0000
16	15.176	10.198
17	16.500	11.775
18	16.500	11.775
19	0.0000	0.0000
20	0.3160	0.2120
21	37.983	27.100
22	1.7620	1.1840
23	0.0000	0.0000
24	9.3900	6.6700
25	0.0000	0.0000
26	4.6670	3.3300
27	4.6670	3.3300
28	8.6670	6.1850
29	8.6670	6.1850
30	0.0000	0.0000
31	0.0000	0.0000
32	0.0000	0.0000
33	4.5820	3.2600
34	6.5010	4.5490
35	1.9200	1.2900
36	8.6670	6.1850
37	8.6670	6.1850
38	0.0000	0.0000
39	8.0000	5.7090
40	8.0000	5.7090
41	0.3920	0.3250
42	0.0000	0.0000
43	2.0000	1.4270
44	0.0000	0.0000
45	3.0760	8.7870
46	3.0760	8.7870
47	0.0000	0.0000
48	26.350	18.800
49	28.226	91.492
50	128.226	91.492
51	13.512	9.4420
52	1.2020	0.8940
53	1.4490	1.1620
54	8.7870	6.3220
55	8.0000	5.7080
56	0.0000	0.0000
57	0.0000	0.0000
58	0.0000	0.0000
59	0.6670	24.025
60	0.0000	0.0000
61	414.667	295.91
62	10.667	7.6120
63	0.0000	0.0000
64	75.670	53.873
65	19.670	13.912
66	6.0000	4.2820
67	6.0000	4.2820
68	9.3330	6.6600
69	9.3330	6.6600
